(2, (2743.9892578125, 2807.77587890625))
(2, (5482.63427734375, 5914.6689453125))
(2, (6112.26513671875, 6666.328125))
(1, (148.33839416503906, 191.58639526367188))
(1, (584.5475463867188, 634.7662353515625))
(1, (1070.545166015625, 1076.2548828125))
(1, (1134.935302734375, 1187.548583984375))
(1, (1439.76513671875, 1801.4921875))
(1, (1477.897216796875, 1636.644775390625))
(1, (1599.2042236328125, 1736.4830322265625))
(1, (1905.7823486328125, 2368.53125))
(1, (1979.0626220703125, 2671.597900390625))
(1, (2204.264892578125, 2679.38623046875))
(1, (2221.709716796875, 2277.791015625))
(1, (2285.915283203125, 2340.56787109375))
(1, (2292.381591796875, 2777.653564453125))
(1, (2331.51806640625, 2407.100830078125))
(1, (2406.4384765625, 3824.544921875))
(1, (2486.896728515625, 2862.421630859375))
(1, (2805.42041015625, 3378.06591796875))
(1, (2864.560546875, 3397.4814453125))
(1, (2967.03564453125, 4398.72119140625))
(1, (3033.7587890625, 4847.27783203125))
(1, (3087.716796875, 4708.7841796875))
(1, (3312.940185546875, 4118.7939453125))
(1, (3418.459716796875, 5036.37109375))
(1, (3469.794677734375, 5265.35400390625))
(1, (3528.30419921875, 4203.3662109375))
(1, (3728.47900390625, 3824.544921875))
(1, (3732.703125, 4279.90771484375))
(1, (3897.85009765625, 4382.4541015625))
(1, (3998.95263671875, 6484.2763671875))
(1, (4057.752197265625, 4899.56787109375))
(1, (4184.5439453125, 4991.8642578125))
(1, (4315.966796875, 5608.6240234375))
(1, (4459.13427734375, 4467.9521484375))
(1, (4466.3935546875, 4973.9775390625))
(1, (4501.765625, 4684.90478515625))
(1, (4525.26318359375, 5513.10302734375))
(1, (4599.90478515625, 7035.90869140625))
(1, (4657.60302734375, 5360.39453125))
(1, (4805.4794921875, 5540.15380859375))
(1, (4967.041015625, 6092.15087890625))
(1, (5288.248046875, 5478.7734375))
(1, (5914.376953125, 6304.81005859375))
(1, (6128.5439453125, 7648.18505859375))
(1, (6352.09716796875, 6832.74169921875))
(1, (6585.03369140625, 7451.78955078125))
(1, (6879.02490234375, 7360.52392578125))
(1, (6953.86767578125, 9311.97265625))
(1, (7224.12451171875, 7695.0966796875))
(1, (7503.36083984375, 8307.50390625))
(1, (7545.8291015625, 8724.8125))
(1, (7610.0673828125, 7618.26123046875))
(1, (7818.63134765625, 11545.033203125))
(1, (7994.060546875, 10977.6337890625))
(1, (9680.1123046875, 11861.908203125))
(1, (10219.29296875, 13859.2763671875))
(1, (10404.095703125, 12408.2685546875))
(1, (10464.0068359375, 11455.8671875))
(1, (11757.625, 13026.8125))
(1, (12373.615234375, 14295.8955078125))
(1, (13268.541015625, 13498.091796875))
(1, (15436.5048828125, 15679.2041015625))
(1, (22581.890625, 22617.716796875))
(1, (1448980.0, 1451837.625))
(0, (0.0, inf))
(0, (0.0, inf))
(0, (0.0, 1448980.0))
(0, (0.0, 1448980.0))
(0, (0.0, 1448980.0))
(0, (0.0, 1448980.0))
(0, (0.0, 1448980.0))
(0, (0.0, 934103.6875))
(0, (0.0, 934103.6875))
(0, (0.0, 934103.6875))
(0, (0.0, 934103.6875))
(0, (0.0, 934103.6875))
(0, (0.0, 724490.0))
(0, (0.0, 724490.0))
(0, (0.0, 724490.0))
(0, (0.0, 724490.0))
(0, (0.0, 567960.5625))
(0, (0.0, 567960.5625))
(0, (0.0, 567960.5625))
(0, (0.0, 467051.84375))
(0, (0.0, 467051.84375))
(0, (0.0, 467051.84375))
(0, (0.0, 467051.84375))
(0, (0.0, 467051.84375))
(0, (0.0, 408025.65625))
(0, (0.0, 362245.0))
(0, (0.0, 362245.0))
(0, (0.0, 362245.0))
(0, (0.0, 318373.3125))
(0, (0.0, 311367.90625))
(0, (0.0, 311367.90625))
(0, (0.0, 298242.96875))
(0, (0.0, 298242.96875))
(0, (0.0, 289796.0))
(0, (0.0, 288932.625))
(0, (0.0, 288932.625))
(0, (0.0, 288932.625))
(0, (0.0, 261021.125))
(0, (0.0, 261021.125))
(0, (0.0, 256293.578125))
(0, (0.0, 256293.578125))
(0, (0.0, 241496.671875))
(0, (0.0, 241496.671875))
(0, (0.0, 241496.671875))
(0, (0.0, 240896.8125))
(0, (0.0, 237444.421875))
(0, (0.0, 237444.421875))
(0, (0.0, 233525.921875))
(0, (0.0, 233525.921875))
(0, (0.0, 221177.859375))
(0, (0.0, 220674.59375))
(0, (0.0, 220674.59375))
(0, (0.0, 217774.015625))
(0, (0.0, 217774.015625))
(0, (0.0, 206997.140625))
(0, (0.0, 206997.140625))
(0, (0.0, 206556.28125))
(0, (0.0, 204012.828125))
(0, (0.0, 191887.421875))
(0, (0.0, 191887.421875))
(0, (0.0, 191508.515625))
(0, (0.0, 186820.734375))
(0, (0.0, 181122.5))
(0, (0.0, 181122.5))
(0, (0.0, 176601.65625))
(0, (0.0, 176601.65625))
(0, (0.0, 167442.546875))
(0, (0.0, 167442.546875))
(0, (0.0, 160997.78125))
(0, (0.0, 160997.78125))
(0, (0.0, 155683.953125))
(0, (0.0, 151706.625))
(0, (0.0, 150097.453125))
(0, (0.0, 148522.0625))
(0, (0.0, 144898.0))
(0, (0.0, 144681.84375))
(0, (0.0, 144466.3125))
(0, (0.0, 141990.140625))
(0, (0.0, 138356.953125))
(0, (0.0, 135818.078125))
(0, (0.0, 131368.59375))
(0, (0.0, 130510.5625))
(0, (0.0, 123254.6015625))
(0, (0.0, 122190.3046875))
(0, (0.0, 117734.4375))
(0, (0.0, 115445.5546875))
(0, (0.0, 114376.28125))
(0, (0.0, 111460.0))
(0, (0.0, 108887.0078125))
(0, (0.0, 108055.5390625))
(0, (0.0, 106926.3359375))
(0, (0.0, 106808.578125))
(0, (0.0, 106691.078125))
(0, (0.0, 106124.4296875))
(0, (0.0, 102747.078125))
(0, (0.0, 101276.3515625))
(0, (0.0, 99578.0546875))
(0, (0.0, 98196.046875))
(0, (0.0, 96851.875))
(0, (0.0, 96851.875))
(0, (0.0, 94660.09375))
(0, (0.0, 93410.3671875))
(0, (0.0, 91369.9453125))
(0, (0.0, 90561.25))
(0, (0.0, 90392.4375))
(0, (0.0, 89985.3671875))
(0, (0.0, 87545.3203125))
(0, (0.0, 85950.09375))
(0, (0.0, 84918.515625))
(0, (0.0, 84219.5546875))
(0, (0.0, 81939.7734375))
(0, (0.0, 77616.15625))
(0, (0.0, 76262.1015625))
(0, (0.0, 72079.9609375))
(0, (0.0, 68999.046875))
(0, (0.0, 68949.9921875))
(0, (0.0, 67170.2734375))
(0, (0.0, 66555.71875))
(0, (0.0, 65862.7265625))
(0, (0.0, 64252.90625))
(0, (0.0, 60374.16796875))
(0, (0.0, 57959.19921875))
(0, (0.0, 56708.88671875))
(0, (0.0, 53665.92578125))
(0, (0.0, 51560.7265625))
(0, (0.0, 51417.79296875))
(0, (0.0, 51187.703125))
(0, (0.0, 49964.828125))
(0, (0.0, 48695.40234375))
(0, (0.0, 48592.2265625))
(0, (0.0, 47971.85546875))
(0, (0.0, 46859.84765625))
(0, (0.0, 44427.64453125))
(0, (0.0, 42757.5703125))
(0, (0.0, 42647.5078125))
(0, (0.0, 42587.04296875))
(0, (0.0, 41846.70703125))
(0, (0.0, 41596.58203125))
(0, (0.0, 40640.50390625))
(0, (0.0, 40249.4453125))
(0, (0.0, 40021.7734375))
(0, (0.0, 39952.0546875))
(0, (0.0, 39531.73046875))
(0, (0.0, 39161.62109375))
(0, (0.0, 39053.54296875))
(0, (0.0, 39037.8203125))
(0, (0.0, 38808.078125))
(0, (0.0, 38131.05078125))
(0, (0.0, 38131.05078125))
(0, (0.0, 38041.3125))
(0, (0.0, 36635.55078125))
(0, (0.0, 36577.12109375))
(0, (0.0, 36224.5))
(0, (0.0, 36110.42578125))
(0, (0.0, 35766.703125))
(0, (0.0, 34663.91796875))
(0, (0.0, 34616.23828125))
(0, (0.0, 34474.99609375))
(0, (0.0, 33923.34765625))
(0, (0.0, 33808.55078125))
(0, (0.0, 33144.71484375))
(0, (0.0, 32541.66015625))
(0, (0.0, 32477.869140625))
(0, (0.0, 31136.7890625))
(0, (0.0, 30563.017578125))
(0, (0.0, 29853.75))
(0, (0.0, 27006.205078125))
(0, (0.0, 26832.962890625))
(0, (0.0, 26512.072265625))
(0, (0.0, 26481.458984375))
(0, (0.0, 26469.865234375))
(0, (0.0, 26352.3984375))
(0, (0.0, 25629.357421875))
(0, (0.0, 25622.4453125))
(0, (0.0, 25375.255859375))
(0, (0.0, 24780.42578125))
(0, (0.0, 24125.63671875))
(0, (0.0, 24042.2890625))
(0, (0.0, 24042.2890625))
(0, (0.0, 23839.767578125))
(0, (0.0, 23824.39453125))
(0, (0.0, 23370.64453125))
(0, (0.0, 23323.111328125))
(0, (0.0, 23051.498046875))
(0, (0.0, 22925.16015625))
(0, (0.0, 22845.736328125))
(0, (0.0, 22604.146484375))
(0, (0.0, 22275.57421875))
(0, (0.0, 21933.24609375))
(0, (0.0, 21740.1796875))
(0, (0.0, 21583.25))
(0, (0.0, 21530.150390625))
(0, (0.0, 21417.634765625))
(0, (0.0, 21293.521484375))
(0, (0.0, 21261.52734375))
(0, (0.0, 21011.65234375))
(0, (0.0, 20949.4375))
(0, (0.0, 20937.56640625))
(0, (0.0, 20082.79296875))
(0, (0.0, 19836.861328125))
(0, (0.0, 19814.7421875))
(0, (0.0, 19674.8125))
(0, (0.0, 19564.189453125))
(0, (0.0, 19419.58203125))
(0, (0.0, 19119.39453125))
(0, (0.0, 19061.779296875))
(0, (0.0, 18811.533203125))
(0, (0.0, 18623.482421875))
(0, (0.0, 18200.048828125))
(0, (0.0, 17784.837890625))
(0, (0.0, 17607.80078125))
(0, (0.0, 17560.84375))
(0, (0.0, 17549.32421875))
(0, (0.0, 17465.841796875))
(0, (0.0, 17140.400390625))
(0, (0.0, 17054.69140625))
(0, (0.0, 17051.693359375))
(0, (0.0, 16856.291015625))
(0, (0.0, 16456.71875))
(0, (0.0, 16233.2138671875))
(0, (0.0, 16047.72265625))
(0, (0.0, 15975.2548828125))
(0, (0.0, 15957.240234375))
(0, (0.0, 15929.7216796875))
(0, (0.0, 15761.2451171875))
(0, (0.0, 15535.6650390625))
(0, (0.0, 15444.4423828125))
(0, (0.0, 15021.611328125))
(0, (0.0, 14718.337890625))
(0, (0.0, 14662.990234375))
(0, (0.0, 14456.7744140625))
(0, (0.0, 14386.6796875))
(0, (0.0, 14366.4794921875))
(0, (0.0, 14317.3056640625))
(0, (0.0, 14177.2216796875))
(0, (0.0, 14160.9638671875))
(0, (0.0, 13714.44140625))
(0, (0.0, 13669.623046875))
(0, (0.0, 13545.84765625))
(0, (0.0, 13502.005859375))
(0, (0.0, 13429.716796875))
(0, (0.0, 13053.8740234375))
(0, (0.0, 12962.8251953125))
(0, (0.0, 12792.4951171875))
(0, (0.0, 12772.595703125))
(0, (0.0, 12684.896484375))
(0, (0.0, 12589.33203125))
(0, (0.0, 12558.4287109375))
(0, (0.0, 12479.25390625))
(0, (0.0, 12445.6591796875))
(0, (0.0, 12365.7265625))
(0, (0.0, 12023.53515625))
(0, (0.0, 11793.9033203125))
(0, (0.0, 11698.6826171875))
(0, (0.0, 11684.501953125))
(0, (0.0, 11646.8515625))
(0, (0.0, 11629.134765625))
(0, (0.0, 11525.7490234375))
(0, (0.0, 11479.0009765625))
(0, (0.0, 11434.005859375))
(0, (0.0, 11317.0185546875))
(0, (0.0, 11295.7392578125))
(0, (0.0, 11138.9072265625))
(0, (0.0, 11076.205078125))
(0, (0.0, 11009.283203125))
(0, (0.0, 10891.91015625))
(0, (0.0, 10755.75))
(0, (0.0, 10646.2490234375))
(0, (0.0, 10547.98046875))
(0, (0.0, 10546.140625))
(0, (0.0, 10511.1396484375))
(0, (0.0, 10502.83984375))
(0, (0.0, 10312.1455078125))
(0, (0.0, 10209.0966796875))
(0, (0.0, 10093.8203125))
(0, (0.0, 10022.9560546875))
(0, (0.0, 9918.0087890625))
(0, (0.0, 9872.013671875))
(0, (0.0, 9740.099609375))
(0, (0.0, 9598.38671875))
(0, (0.0, 9492.896484375))
(0, (0.0, 9473.2900390625))
(0, (0.0, 9375.404296875))
(0, (0.0, 9331.6005859375))
(0, (0.0, 9264.009765625))
(0, (0.0, 9256.0166015625))
(0, (0.0, 9231.8623046875))
(0, (0.0, 9228.2939453125))
(0, (0.0, 9139.2548828125))
(0, (0.0, 9134.9326171875))
(0, (0.0, 9113.08203125))
(0, (0.0, 9079.7392578125))
(0, (0.0, 8999.40625))
(0, (0.0, 8926.2099609375))
(0, (0.0, 8913.9912109375))
(0, (0.0, 8907.5615234375))
(0, (0.0, 8843.7197265625))
(0, (0.0, 8826.3330078125))
(0, (0.0, 8778.68359375))
(0, (0.0, 8759.029296875))
(0, (0.0, 8717.810546875))
(0, (0.0, 8615.6865234375))
(0, (0.0, 8604.23828125))
(0, (0.0, 8601.47265625))
(0, (0.0, 8582.6025390625))
(0, (0.0, 8500.5341796875))
(0, (0.0, 8435.1240234375))
(0, (0.0, 8394.318359375))
(0, (0.0, 8379.888671875))
(0, (0.0, 8362.818359375))
(0, (0.0, 8342.2138671875))
(0, (0.0, 8321.041015625))
(0, (0.0, 8298.4814453125))
(0, (0.0, 8168.43115234375))
(0, (0.0, 8134.5625))
(0, (0.0, 8132.84228515625))
(0, (0.0, 8044.53369140625))
(0, (0.0, 7917.92333984375))
(0, (0.0, 7694.4111328125))
(0, (0.0, 7644.0537109375))
(0, (0.0, 7596.64306640625))
(0, (0.0, 7469.35107421875))
(0, (0.0, 7394.81005859375))
(0, (0.0, 7375.94775390625))
(0, (0.0, 7366.52880859375))
(0, (0.0, 7320.98095703125))
(0, (0.0, 7246.87353515625))
(0, (0.0, 7216.75634765625))
(0, (0.0, 7179.28564453125))
(0, (0.0, 7168.154296875))
(0, (0.0, 7161.42822265625))
(0, (0.0, 7111.9580078125))
(0, (0.0, 7056.7958984375))
(0, (0.0, 6990.853515625))
(0, (0.0, 6893.89697265625))
(0, (0.0, 6887.1865234375))
(0, (0.0, 6861.04052734375))
(0, (0.0, 6840.08349609375))
(0, (0.0, 6824.85205078125))
(0, (0.0, 6761.71044921875))
(0, (0.0, 6695.47705078125))
(0, (0.0, 6676.15869140625))
(0, (0.0, 6615.4443359375))
(0, (0.0, 6613.2548828125))
(0, (0.0, 6520.6748046875))
(0, (0.0, 6468.42724609375))
(0, (0.0, 6321.9501953125))
(0, (0.0, 6297.53564453125))
(0, (0.0, 6272.640625))
(0, (0.0, 6258.76904296875))
(0, (0.0, 6254.47216796875))
(0, (0.0, 6225.49267578125))
(0, (0.0, 6218.125))
(0, (0.0, 6193.6640625))
(0, (0.0, 6171.25830078125))
(0, (0.0, 6156.22705078125))
(0, (0.0, 6121.0986328125))
(0, (0.0, 6107.34326171875))
(0, (0.0, 6102.4521484375))
(0, (0.0, 6086.32861328125))
(0, (0.0, 6080.57275390625))
(0, (0.0, 6052.25048828125))
(0, (0.0, 6023.3798828125))
(0, (0.0, 5990.00146484375))
(0, (0.0, 5947.31787109375))
(0, (0.0, 5897.8408203125))
(0, (0.0, 5880.119140625))
(0, (0.0, 5838.4921875))
(0, (0.0, 5800.982421875))
(0, (0.0, 5741.63818359375))
(0, (0.0, 5740.59033203125))
(0, (0.0, 5715.578125))
(0, (0.0, 5704.939453125))
(0, (0.0, 5700.92919921875))
(0, (0.0, 5684.716796875))
(0, (0.0, 5635.28369140625))
(0, (0.0, 5563.0244140625))
(0, (0.0, 5556.8427734375))
(0, (0.0, 5541.681640625))
(0, (0.0, 5501.18115234375))
(0, (0.0, 5468.97314453125))
(0, (0.0, 5467.0400390625))
(0, (0.0, 5408.2373046875))
(0, (0.0, 5403.69873046875))
(0, (0.0, 5364.52099609375))
(0, (0.0, 5346.78955078125))
(0, (0.0, 5319.93115234375))
(0, (0.0, 5306.98974609375))
(0, (0.0, 5303.17529296875))
(0, (0.0, 5281.990234375))
(0, (0.0, 5281.88232421875))
(0, (0.0, 5274.87451171875))
(0, (0.0, 5264.138671875))
(0, (0.0, 5250.85107421875))
(0, (0.0, 5212.158203125))
(0, (0.0, 5188.4931640625))
(0, (0.0, 5169.515625))
(0, (0.0, 5146.6962890625))
(0, (0.0, 5074.0224609375))
(0, (0.0, 5070.2802734375))
(0, (0.0, 5041.36328125))
(0, (0.0, 5016.759765625))
(0, (0.0, 5013.64208984375))
(0, (0.0, 4992.662109375))
(0, (0.0, 4992.50732421875))
(0, (0.0, 4979.3125))
(0, (0.0, 4968.376953125))
(0, (0.0, 4938.68310546875))
(0, (0.0, 4932.0537109375))
(0, (0.0, 4913.4287109375))
(0, (0.0, 4828.01513671875))
(0, (0.0, 4813.712890625))
(0, (0.0, 4805.712890625))
(0, (0.0, 4783.9697265625))
(0, (0.0, 4780.32470703125))
(0, (0.0, 4760.58154296875))
(0, (0.0, 4732.90380859375))
(0, (0.0, 4707.4443359375))
(0, (0.0, 4703.22119140625))
(0, (0.0, 4697.4697265625))
(0, (0.0, 4670.59326171875))
(0, (0.0, 4638.30908203125))
(0, (0.0, 4628.23388671875))
(0, (0.0, 4615.0341796875))
(0, (0.0, 4585.13525390625))
(0, (0.0, 4580.9267578125))
(0, (0.0, 4566.80322265625))
(0, (0.0, 4528.6220703125))
(0, (0.0, 4461.03173828125))
(0, (0.0, 4456.30908203125))
(0, (0.0, 4421.11669921875))
(0, (0.0, 4416.74169921875))
(0, (0.0, 4390.55859375))
(0, (0.0, 4379.6708984375))
(0, (0.0, 4368.1240234375))
(0, (0.0, 4351.4619140625))
(0, (0.0, 4307.552734375))
(0, (0.0, 4295.6767578125))
(0, (0.0, 4245.3837890625))
(0, (0.0, 4231.21923828125))
(0, (0.0, 4230.80029296875))
(0, (0.0, 4159.46533203125))
(0, (0.0, 4150.9501953125))
(0, (0.0, 4146.16650390625))
(0, (0.0, 4113.33984375))
(0, (0.0, 4076.483642578125))
(0, (0.0, 4058.755859375))
(0, (0.0, 4048.021484375))
(0, (0.0, 3968.31591796875))
(0, (0.0, 3935.302490234375))
(0, (0.0, 3934.3046875))
(0, (0.0, 3930.81640625))
(0, (0.0, 3902.29345703125))
(0, (0.0, 3890.550537109375))
(0, (0.0, 3878.473876953125))
(0, (0.0, 3856.064208984375))
(0, (0.0, 3847.42822265625))
(0, (0.0, 3840.7626953125))
(0, (0.0, 3836.8408203125))
(0, (0.0, 3834.30029296875))
(0, (0.0, 3832.551513671875))
(0, (0.0, 3808.108642578125))
(0, (0.0, 3807.4111328125))
(0, (0.0, 3801.51025390625))
(0, (0.0, 3785.390869140625))
(0, (0.0, 3777.45751953125))
(0, (0.0, 3776.77099609375))
(0, (0.0, 3750.658935546875))
(0, (0.0, 3744.787841796875))
(0, (0.0, 3738.7041015625))
(0, (0.0, 3734.3798828125))
(0, (0.0, 3731.88916015625))
(0, (0.0, 3721.266845703125))
(0, (0.0, 3703.664306640625))
(0, (0.0, 3606.1337890625))
(0, (0.0, 3605.17041015625))
(0, (0.0, 3596.650634765625))
(0, (0.0, 3587.551513671875))
(0, (0.0, 3586.882568359375))
(0, (0.0, 3547.559814453125))
(0, (0.0, 3521.434814453125))
(0, (0.0, 3465.302978515625))
(0, (0.0, 3456.137451171875))
(0, (0.0, 3421.962158203125))
(0, (0.0, 3370.796875))
(0, (0.0, 3341.692626953125))
(0, (0.0, 3334.73681640625))
(0, (0.0, 3325.17626953125))
(0, (0.0, 3291.49267578125))
(0, (0.0, 3287.35791015625))
(0, (0.0, 3276.99853515625))
(0, (0.0, 3255.54736328125))
(0, (0.0, 3235.249755859375))
(0, (0.0, 3230.3623046875))
(0, (0.0, 3200.38818359375))
(0, (0.0, 3192.9560546875))
(0, (0.0, 3191.111328125))
(0, (0.0, 3162.613525390625))
(0, (0.0, 3145.2939453125))
(0, (0.0, 3122.32421875))
(0, (0.0, 3065.203857421875))
(0, (0.0, 2998.733154296875))
(0, (0.0, 2985.55810546875))
(0, (0.0, 2969.85205078125))
(0, (0.0, 2969.60009765625))
(0, (0.0, 2966.1982421875))
(0, (0.0, 2953.33349609375))
(0, (0.0, 2942.136962890625))
(0, (0.0, 2942.133056640625))
(0, (0.0, 2940.52197265625))
(0, (0.0, 2899.893310546875))
(0, (0.0, 2857.61181640625))
(0, (0.0, 2838.263671875))
(0, (0.0, 2832.2978515625))
(0, (0.0, 2804.54833984375))
(0, (0.0, 2797.3662109375))
(0, (0.0, 2793.031494140625))
(0, (0.0, 2786.7685546875))
(0, (0.0, 2758.70263671875))
(0, (0.0, 2727.17578125))
(0, (0.0, 2726.8740234375))
(0, (0.0, 2707.043212890625))
(0, (0.0, 2697.258056640625))
(0, (0.0, 2682.76611328125))
(0, (0.0, 2671.837646484375))
(0, (0.0, 2670.381591796875))
(0, (0.0, 2619.501953125))
(0, (0.0, 2615.15087890625))
(0, (0.0, 2614.39013671875))
(0, (0.0, 2612.23095703125))
(0, (0.0, 2602.33984375))
(0, (0.0, 2601.055908203125))
(0, (0.0, 2598.3310546875))
(0, (0.0, 2597.600341796875))
(0, (0.0, 2584.36328125))
(0, (0.0, 2578.931884765625))
(0, (0.0, 2569.34326171875))
(0, (0.0, 2564.069091796875))
(0, (0.0, 2559.485107421875))
(0, (0.0, 2553.996337890625))
(0, (0.0, 2542.2548828125))
(0, (0.0, 2534.351318359375))
(0, (0.0, 2531.497314453125))
(0, (0.0, 2530.26171875))
(0, (0.0, 2520.117919921875))
(0, (0.0, 2512.473388671875))
(0, (0.0, 2510.558837890625))
(0, (0.0, 2508.228271484375))
(0, (0.0, 2486.6083984375))
(0, (0.0, 2484.338134765625))
(0, (0.0, 2446.052734375))
(0, (0.0, 2444.97412109375))
(0, (0.0, 2441.065185546875))
(0, (0.0, 2404.906982421875))
(0, (0.0, 2377.2958984375))
(0, (0.0, 2369.01171875))
(0, (0.0, 2362.73828125))
(0, (0.0, 2360.88232421875))
(0, (0.0, 2348.115234375))
(0, (0.0, 2344.71044921875))
(0, (0.0, 2335.1279296875))
(0, (0.0, 2326.94287109375))
(0, (0.0, 2309.460693359375))
(0, (0.0, 2300.646484375))
(0, (0.0, 2299.580810546875))
(0, (0.0, 2290.187255859375))
(0, (0.0, 2274.788330078125))
(0, (0.0, 2263.50732421875))
(0, (0.0, 2258.44091796875))
(0, (0.0, 2256.51123046875))
(0, (0.0, 2253.97216796875))
(0, (0.0, 2233.511962890625))
(0, (0.0, 2231.02880859375))
(0, (0.0, 2228.9609375))
(0, (0.0, 2220.951904296875))
(0, (0.0, 2198.3125))
(0, (0.0, 2197.53515625))
(0, (0.0, 2194.591064453125))
(0, (0.0, 2173.853759765625))
(0, (0.0, 2163.6103515625))
(0, (0.0, 2155.000244140625))
(0, (0.0, 2151.298095703125))
(0, (0.0, 2147.034912109375))
(0, (0.0, 2139.861572265625))
(0, (0.0, 2133.2041015625))
(0, (0.0, 2125.297607421875))
(0, (0.0, 2110.23974609375))
(0, (0.0, 2109.65625))
(0, (0.0, 2101.0078125))
(0, (0.0, 2096.720458984375))
(0, (0.0, 2089.135009765625))
(0, (0.0, 2086.315185546875))
(0, (0.0, 2071.95556640625))
(0, (0.0, 2067.03955078125))
(0, (0.0, 2039.5018310546875))
(0, (0.0, 2035.8380126953125))
(0, (0.0, 2028.2017822265625))
(0, (0.0, 2028.127197265625))
(0, (0.0, 2021.899658203125))
(0, (0.0, 2012.83935546875))
(0, (0.0, 2011.1334228515625))
(0, (0.0, 2008.15185546875))
(0, (0.0, 1994.7635498046875))
(0, (0.0, 1988.7264404296875))
(0, (0.0, 1971.6566162109375))
(0, (0.0, 1969.5606689453125))
(0, (0.0, 1940.6435546875))
(0, (0.0, 1918.4813232421875))
(0, (0.0, 1918.0828857421875))
(0, (0.0, 1895.4849853515625))
(0, (0.0, 1889.152587890625))
(0, (0.0, 1877.9429931640625))
(0, (0.0, 1871.00341796875))
(0, (0.0, 1861.227783203125))
(0, (0.0, 1854.0003662109375))
(0, (0.0, 1825.97900390625))
(0, (0.0, 1813.7786865234375))
(0, (0.0, 1805.859619140625))
(0, (0.0, 1799.4700927734375))
(0, (0.0, 1795.559326171875))
(0, (0.0, 1792.4173583984375))
(0, (0.0, 1782.6256103515625))
(0, (0.0, 1773.2725830078125))
(0, (0.0, 1772.30859375))
(0, (0.0, 1765.4478759765625))
(0, (0.0, 1757.6297607421875))
(0, (0.0, 1753.19189453125))
(0, (0.0, 1747.1119384765625))
(0, (0.0, 1734.2781982421875))
(0, (0.0, 1731.158935546875))
(0, (0.0, 1725.6737060546875))
(0, (0.0, 1723.3759765625))
(0, (0.0, 1707.5928955078125))
(0, (0.0, 1682.71630859375))
(0, (0.0, 1677.7333984375))
(0, (0.0, 1676.56982421875))
(0, (0.0, 1666.917724609375))
(0, (0.0, 1640.536865234375))
(0, (0.0, 1639.0172119140625))
(0, (0.0, 1637.7130126953125))
(0, (0.0, 1634.6016845703125))
(0, (0.0, 1626.2845458984375))
(0, (0.0, 1621.0675048828125))
(0, (0.0, 1576.1502685546875))
(0, (0.0, 1574.5457763671875))
(0, (0.0, 1572.810546875))
(0, (0.0, 1571.6636962890625))
(0, (0.0, 1565.573974609375))
(0, (0.0, 1557.6541748046875))
(0, (0.0, 1552.076904296875))
(0, (0.0, 1542.6806640625))
(0, (0.0, 1535.65234375))
(0, (0.0, 1528.990478515625))
(0, (0.0, 1516.530029296875))
(0, (0.0, 1504.4229736328125))
(0, (0.0, 1500.2127685546875))
(0, (0.0, 1496.3553466796875))
(0, (0.0, 1494.263671875))
(0, (0.0, 1488.872314453125))
(0, (0.0, 1486.7579345703125))
(0, (0.0, 1476.9715576171875))
(0, (0.0, 1476.436767578125))
(0, (0.0, 1473.9700927734375))
(0, (0.0, 1472.730224609375))
(0, (0.0, 1467.3944091796875))
(0, (0.0, 1445.1864013671875))
(0, (0.0, 1435.3529052734375))
(0, (0.0, 1418.1064453125))
(0, (0.0, 1376.594970703125))
(0, (0.0, 1376.194580078125))
(0, (0.0, 1375.9345703125))
(0, (0.0, 1374.9010009765625))
(0, (0.0, 1361.472900390625))
(0, (0.0, 1338.10400390625))
(0, (0.0, 1335.08740234375))
(0, (0.0, 1313.7392578125))
(0, (0.0, 1299.7200927734375))
(0, (0.0, 1298.1519775390625))
(0, (0.0, 1287.8250732421875))
(0, (0.0, 1282.762939453125))
(0, (0.0, 1278.50439453125))
(0, (0.0, 1276.4923095703125))
(0, (0.0, 1271.083984375))
(0, (0.0, 1269.1868896484375))
(0, (0.0, 1261.4622802734375))
(0, (0.0, 1260.8377685546875))
(0, (0.0, 1256.298583984375))
(0, (0.0, 1251.8106689453125))
(0, (0.0, 1250.443603515625))
(0, (0.0, 1249.0928955078125))
(0, (0.0, 1237.432861328125))
(0, (0.0, 1232.9481201171875))
(0, (0.0, 1225.74609375))
(0, (0.0, 1212.6962890625))
(0, (0.0, 1206.125732421875))
(0, (0.0, 1204.755615234375))
(0, (0.0, 1198.9486083984375))
(0, (0.0, 1195.2149658203125))
(0, (0.0, 1192.7579345703125))
(0, (0.0, 1187.6019287109375))
(0, (0.0, 1185.1614990234375))
(0, (0.0, 1177.3568115234375))
(0, (0.0, 1168.647216796875))
(0, (0.0, 1166.306884765625))
(0, (0.0, 1153.8126220703125))
(0, (0.0, 1152.9405517578125))
(0, (0.0, 1148.968994140625))
(0, (0.0, 1130.4984130859375))
(0, (0.0, 1126.4554443359375))
(0, (0.0, 1123.3485107421875))
(0, (0.0, 1103.0811767578125))
(0, (0.0, 1089.7266845703125))
(0, (0.0, 1068.621826171875))
(0, (0.0, 1068.420166015625))
(0, (0.0, 1063.2802734375))
(0, (0.0, 1062.314453125))
(0, (0.0, 1059.2296142578125))
(0, (0.0, 1057.3016357421875))
(0, (0.0, 1056.769775390625))
(0, (0.0, 1048.5904541015625))
(0, (0.0, 1045.777099609375))
(0, (0.0, 1042.7994384765625))
(0, (0.0, 1020.081787109375))
(0, (0.0, 998.483642578125))
(0, (0.0, 995.0279541015625))
(0, (0.0, 991.8600463867188))
(0, (0.0, 973.1046142578125))
(0, (0.0, 961.4149169921875))
(0, (0.0, 961.205078125))
(0, (0.0, 960.7968139648438))
(0, (0.0, 956.1256713867188))
(0, (0.0, 951.2041625976562))
(0, (0.0, 949.4888916015625))
(0, (0.0, 945.4312133789062))
(0, (0.0, 942.1265258789062))
(0, (0.0, 939.9825439453125))
(0, (0.0, 936.428955078125))
(0, (0.0, 934.2705078125))
(0, (0.0, 929.817626953125))
(0, (0.0, 926.7521362304688))
(0, (0.0, 912.0587158203125))
(0, (0.0, 896.6025390625))
(0, (0.0, 883.2017211914062))
(0, (0.0, 880.3870239257812))
(0, (0.0, 874.62548828125))
(0, (0.0, 856.93115234375))
(0, (0.0, 856.3814086914062))
(0, (0.0, 855.151123046875))
(0, (0.0, 853.742919921875))
(0, (0.0, 843.4717407226562))
(0, (0.0, 842.2941284179688))
(0, (0.0, 837.958251953125))
(0, (0.0, 835.9232788085938))
(0, (0.0, 835.02880859375))
(0, (0.0, 829.444580078125))
(0, (0.0, 828.8192138671875))
(0, (0.0, 828.0536499023438))
(0, (0.0, 817.2443237304688))
(0, (0.0, 812.9591064453125))
(0, (0.0, 805.530029296875))
(0, (0.0, 802.4153442382812))
(0, (0.0, 794.5115966796875))
(0, (0.0, 793.739501953125))
(0, (0.0, 790.126708984375))
(0, (0.0, 775.64501953125))
(0, (0.0, 774.6105346679688))
(0, (0.0, 772.368408203125))
(0, (0.0, 769.1942138671875))
(0, (0.0, 767.3070678710938))
(0, (0.0, 765.8060913085938))
(0, (0.0, 763.5459594726562))
(0, (0.0, 759.3246459960938))
(0, (0.0, 732.4935302734375))
(0, (0.0, 728.1468505859375))
(0, (0.0, 702.6567993164062))
(0, (0.0, 700.1997680664062))
(0, (0.0, 698.2508544921875))
(0, (0.0, 689.3939819335938))
(0, (0.0, 687.6974487304688))
(0, (0.0, 687.6021728515625))
(0, (0.0, 681.6266479492188))
(0, (0.0, 681.032958984375))
(0, (0.0, 679.6959838867188))
(0, (0.0, 677.4650268554688))
(0, (0.0, 674.4688110351562))
(0, (0.0, 668.8495483398438))
(0, (0.0, 665.7356567382812))
(0, (0.0, 660.9384155273438))
(0, (0.0, 652.3253173828125))
(0, (0.0, 644.2693481445312))
(0, (0.0, 642.0489501953125))
(0, (0.0, 635.6651611328125))
(0, (0.0, 634.2478637695312))
(0, (0.0, 628.833740234375))
(0, (0.0, 627.7015380859375))
(0, (0.0, 626.5004272460938))
(0, (0.0, 625.435546875))
(0, (0.0, 622.1720581054688))
(0, (0.0, 618.7847290039062))
(0, (0.0, 617.63232421875))
(0, (0.0, 612.713623046875))
(0, (0.0, 599.0675659179688))
(0, (0.0, 597.5607299804688))
(0, (0.0, 596.086181640625))
(0, (0.0, 593.4569702148438))
(0, (0.0, 586.0662231445312))
(0, (0.0, 585.84716796875))
(0, (0.0, 584.9737548828125))
(0, (0.0, 581.4592895507812))
(0, (0.0, 566.8563842773438))
(0, (0.0, 566.59814453125))
(0, (0.0, 564.844970703125))
(0, (0.0, 556.7401733398438))
(0, (0.0, 555.373291015625))
(0, (0.0, 529.89501953125))
(0, (0.0, 527.3082885742188))
(0, (0.0, 527.2310180664062))
(0, (0.0, 526.3052368164062))
(0, (0.0, 525.2559204101562))
(0, (0.0, 522.4725952148438))
(0, (0.0, 522.1139526367188))
(0, (0.0, 517.1954956054688))
(0, (0.0, 497.4820861816406))
(0, (0.0, 496.1264953613281))
(0, (0.0, 493.6174011230469))
(0, (0.0, 486.0963134765625))
(0, (0.0, 479.8026123046875))
(0, (0.0, 479.3417663574219))
(0, (0.0, 468.49261474609375))
(0, (0.0, 466.09771728515625))
(0, (0.0, 458.5086975097656))
(0, (0.0, 450.5971374511719))
(0, (0.0, 450.318603515625))
(0, (0.0, 448.3106384277344))
(0, (0.0, 447.2975769042969))
(0, (0.0, 443.7142028808594))
(0, (0.0, 438.3663024902344))
(0, (0.0, 437.58392333984375))
(0, (0.0, 410.89862060546875))
(0, (0.0, 396.1230163574219))
(0, (0.0, 392.2992858886719))
(0, (0.0, 386.5058288574219))
(0, (0.0, 373.4745788574219))
(0, (0.0, 370.98663330078125))
(0, (0.0, 366.4609375))
(0, (0.0, 365.68353271484375))
(0, (0.0, 357.074462890625))
(0, (0.0, 346.50128173828125))
(0, (0.0, 337.960693359375))
(0, (0.0, 334.46649169921875))
(0, (0.0, 323.70904541015625))
(0, (0.0, 320.44415283203125))
(0, (0.0, 312.9063415527344))
(0, (0.0, 305.56390380859375))
(0, (0.0, 302.5406799316406))
(0, (0.0, 300.0346984863281))
(0, (0.0, 286.4849548339844))
(0, (0.0, 285.17401123046875))
(0, (0.0, 273.8907775878906))
(0, (0.0, 272.43048095703125))
(0, (0.0, 254.25254821777344))
(0, (0.0, 246.76043701171875))
(0, (0.0, 233.07118225097656))
(0, (0.0, 232.06007385253906))
(0, (0.0, 228.3056182861328))
(0, (0.0, 221.41529846191406))
(0, (0.0, 186.4556121826172))
(0, (0.0, 169.49427795410156))
(0, (0.0, 168.50845336914062))
(0, (0.0, 120.08792114257812))
(0, (0.0, 102.10859680175781))
(0, (0.0, 89.47779846191406))
